[[[10, 0, 9, -6, 3, 0, 8, -8, -12, -8, 6, 8, 0, 22, -8, -24, -3, 4, -16, -6, 18, -20, -8, 24, -8, -2, 10, 0, -8, 0, -25, -24],
[-17, -7, 14, 9, -1, 11, 2, 3, 32, -5, -12, 18, 6, -7, 22, 2, -4, 37, 24, 0, 11, 6, 9, 26, 2, -12, 6, 14, -8, 13, 2, 0],
[36, -31, -1, -31, -10, 27, 30, -24, -2, 19, 1, 24, -10, -22, -2, 48, -28, 6, 10, 19, 29, 30, -37, -20, 8, 1, -10, -3, -39, 17, 29, 1],
[14, -6, 11, -2, 1, 4, 6, 5, -3, 16, -6, 14, 8, 5, 6, 26, 19, 10, 14, 12, 3, 15, -2, 4, 8, 11, -5, 9, -11, -3, 9, 7]],
[[-17, -7, 14, 9, -1, 11, 2, 3, 32, -5, -12, 18, 6, -7, 22, 2, -4, 37, 24, 0, 11, 6, 9, 26, 2, -12, 6, 14, -8, 13, 2, 0],
[-5, -2, -21, 2, -53, -60, 19, -28, -60, -8, -29, -32, 21, -28, -65, -2, 13, -20, -13, -24, -41, 24, 26, -36, 8, 30, 1, 20, 13, -24, 21, 62],
[36, -25, -84, 9, 62, -23, -51, -23, -40, 36, 42, -95, -23, 76, 14, -6, -7, -70, 22, 90, -24, -69, -7, 5, 25, 55, -57, -25, 92, 32, -43, -17],
[-21, -15, -30, -33, -10, -32, -36, -22, -30, -19, 4, -32, -46, -8, -3, -17, 3, -13, -21, 10, -5, -16, 9, 13, 9, 34, -4, -12, 19, 24, 18, 15]],
[[36, -31, -1, -31, -10, 27, 30, -24, -2, 19, 1, 24, -10, -22, -2, 48, -28, 6, 10, 19, 29, 30, -37, -20, 8, 1, -10, -3, -39, 17, 29, 1],
[36, -25, -84, 9, 62, -23, -51, -23, -40, 36, 42, -95, -23, 76, 14, -6, -7, -70, 22, 90, -24, -69, -7, 5, 25, 55, -57, -25, 92, 32, -43, -17],
[-82, 170, 125, -86, -54, -86, 89, 140, -66, -174, 11, 118, 37, 38, -110, -28, 180, 100, -187, -102, -28, 44, 115, -76, -167, 28, 158, 8, -31, -44, -3, 190],
[-42, -7, 19, -23, -20, -27, -21, 17, -5, -35, -5, 51, 10, 35, -17, -44, 2, 33, -7, -22, 12, -7, 11, -7, -45, -11, 46, 22, -1, 12, -34, 34]],
[[14, -6, 11, -2, 1, 4, 6, 5, -3, 16, -6, 14, 8, 5, 6, 26, 19, 10, 14, 12, 3, 15, -2, 4, 8, 11, -5, 9, -11, -3, 9, 7],
[-21, -15, -30, -33, -10, -32, -36, -22, -30, -19, 4, -32, -46, -8, -3, -17, 3, -13, -21, 10, -5, -16, 9, 13, 9, 34, -4, -12, 19, 24, 18, 15],
[-42, -7, 19, -23, -20, -27, -21, 17, -5, -35, -5, 51, 10, 35, -17, -44, 2, 33, -7, -22, 12, -7, 11, -7, -45, -11, 46, 22, -1, 12, -34, 34],
[-25, -28, -19, -30, -43, -30, -42, -4, -9, -16, -16, -16, -20, -18, -2, -2, 1, 12, 5, -14, -6, -2, 5, 16, 2, 2, 14, 16, 5, 30, 10, 22]]]